-1.897530712575366652e+00 2.278891506663102717e+01 -2.522409044880066009e+00 -2.536946524718690199e+00
-2.397913088938689707e+00 -2.497957233315506897e+00 6.000259378654968145e+01 -2.397225495706835297e+00
-2.102278369357708065e+00 -2.589018722532204109e+00 -3.209371003173846049e+00 -2.595300842966596466e+00
-2.528011738597221836e+00 -2.626730310580827954e+00 -2.601065192493740241e+00 5.045840886787465784e+00
-1.625836171688353593e+00 2.368562794167990404e+01 -1.777818088724037571e+00 -4.298221847076809610e+01
-1.783024427740639073e+00 -2.023376477004528606e+00 5.307570096480318256e+01 -4.888353147637566565e+01
1.587671330718768703e-01 -1.878532682480285931e+00 7.835323528903144485e-02 -1.111099424645670375e+01
-2.520510798171313738e+00 -3.064000884934142022e+00 -1.908487292403663327e+00 -1.064110445681532369e+01
1.260774332953580412e+01 -2.231344803283610645e+01 -1.582188380248251258e+00 -9.912968862215751908e-01
-2.458170560381252034e+00 -2.793098508849589834e+01 4.799732170050610591e+01 -1.640840138211908439e+00
-4.091241953963746236e-01 -3.558416025833813023e+01 -6.476654377213990621e-01 -6.448179742500628198e-01
-2.195680728547647398e+00 -2.714265559379578008e+01 -2.187435728153404479e+00 7.154723745910821497e-01
6.608849996403459492e+00 -9.784448056790065351e+00 -2.203597031635811554e+00 -2.792304203503319471e+01
-2.674169844688574216e+00 -1.012100098726547337e+01 2.147916503388744403e+01 -3.957489649280259414e+01
1.162531444679409720e+00 0.000000000000000000e+00 0.000000000000000000e+00 0.000000000000000000e+00
-1.575012934939671316e-01 -1.040843463252191459e+00 -2.272734324588659149e-01 -1.008549198545191983e+00
-2.047063179553693146e+01 1.904046783775314111e+01 -1.717246711348723309e+00 -1.049494575100937466e+00
-4.602748499917439773e+01 -1.802994362594089184e+00 2.467062054183115194e+01 -1.608657812235160911e+00
-1.549636867463860490e+01 -2.407863992258441943e+00 -2.581888225031982564e+00 -6.224128238176692696e-01
-4.338560021841047387e+01 -3.102559810357329084e+00 -2.182914009721152571e+00 -6.358944148046600242e-01
-2.529105677154310428e+01 4.115727184222778590e+01 -2.450776054972437112e+00 -4.015258577538784834e+01
-4.530927448714918171e+01 -2.193401064306664150e+00 1.853881518217432500e+01 -4.731378931310491254e+01
-3.075196886045334851e-02 -7.617921319752739562e-01 2.406908564061841282e+00 -9.931955072867457712e-01
-9.193371585869076767e+00 -2.682955679159882756e+00 -2.164330463160933693e+00 -4.866705178266474974e+00
-2.808632897251364557e+00 -3.071448077458144077e+00 -1.414765061339336771e+00 2.408618472961550072e-01
-1.918212854272621115e+01 -1.081830072687170485e+01 5.690661342764118835e+00 -2.127388707570558424e+00
-2.940186276283292433e+00 -6.474820440323638238e+00 -1.370571046964942641e-02 -4.391019838571985634e-03
-1.307592360855992375e+01 -1.089285825796488716e+01 -1.985015583774304426e+00 -1.193456961331661015e+00
-3.948992317576816458e+00 -4.644034811452442568e+00 4.370926002265832722e+00 -2.928513297279684124e+00
-8.440208741169961115e+00 -5.697460339154964970e+00 1.137533464311752240e+01 -5.728828318339176384e+00
-1.000000000000000000e+00 -1.000000000000000000e+00 6.220026229513127447e+00 0.000000000000000000e+00
-1.000000000000000000e+00 -1.021223183255443923e+00 -7.713057254412205577e-01 -2.075423033118672489e+00
2.213328834456832439e+01 1.800641782364427845e+00 -2.879611555155380387e+01 8.797983642810448535e-01
-2.290974093893052288e+00 2.135231616963933732e+01 -1.399185752340275890e+01 -1.857573839486439393e+00
1.575515835434975753e-01 -3.625613706702408012e-01 -2.219603260037258607e+01 3.140953387718508072e+00
-2.328666824148540204e+00 -2.443667615348840805e+00 -1.792531487240467314e+01 -5.691304845617815023e-01
-2.082488928030102215e+00 -4.272406725484696466e-01 -8.213090001243386951e+00 -1.612782636611271059e+01
-2.528462978216089674e+00 9.339665459557792815e+00 -1.445157795308222859e+01 -3.898419441209073000e+01
1.130860278999322954e+00 6.305422908250295222e-02 -9.867068762909797286e+00 -1.433847716008279249e+01
-1.688475182727837920e+00 -2.491566092260163234e+00 -2.985909480234072433e+00 -3.074648279733670275e+00
1.683237020818949858e+01 -1.608361686628599330e+01 -1.691539936245970210e+01 3.219406257236014923e+00
-2.531205601257697335e+00 -6.820488036937266685e+00 -3.952446003335795766e+00 3.092741327735339052e+00
4.151068900433254605e+00 -9.470795205921938020e+00 -5.309525756494773319e+00 5.591212210835803109e-01
-1.509278744392205995e+00 -6.690474590805223443e+00 -4.758282494090189552e+00 -9.881826245300110445e-01
1.101216601381458915e+01 2.083836657950926430e+00 -3.902942911258143965e+00 -1.991518050754119695e+00
-1.306556826883020217e-01 -3.989054358576788140e+00 -3.936474990967103960e+00 -3.961816739879006288e+00
7.777557663994299375e+00 0.000000000000000000e+00 0.000000000000000000e+00 0.000000000000000000e+00
-6.486080358505572629e-01 -1.000000000000000000e+00 -1.000000000000000000e+00 -1.008546677343252318e+00
-3.889079571865055041e+00 1.512612054563864383e+01 -2.862524272132940251e+00 -3.445308736322340581e-01
-1.469925530852064810e+01 -2.410537476361458875e+00 -5.679978056357537497e+00 5.525522308073963496e-01
-1.981313566697294526e+00 -2.999999999999999889e-02 -6.540905296882848496e-01 1.380956610347168407e+02
-9.171897852140178387e+00 -2.473546897943684097e+00 -4.121615978970364580e+00 -1.471065378516005495e+00
-2.005835987795093089e+00 3.325783597182760332e+01 -1.016260255125670309e+00 -1.000000000000000000e+00
-1.004671803993001689e+01 5.674382393218071030e+00 -3.970898541554217953e+00 -4.865983372252117078e+00
-1.849948427256790540e+00 9.849686616186212884e-01 0.000000000000000000e+00 0.000000000000000000e+00
-5.741439106385799462e+00 -4.360177686077308934e+00 -5.881561263761275526e+00 -5.856543331746969727e+00
-1.991177759969787964e+00 -1.000000000000000000e+00 -1.001244861333704605e+00 3.297572609196073756e+00
-5.701979711785450711e+00 -3.127266592470767659e+00 -3.006370000001636456e+00 8.721533707456764484e-01
-1.014256935866323817e+00 -1.000000000000000000e+00 -1.000000000000000000e+00 8.546963621292748670e+00
-1.993118732407005211e+00 -3.020433502435476925e+00 -2.003309475502659254e+00 -8.398035848742074760e-01
-1.066617722081663366e+01 -1.054500744427316583e+01 -1.084307355912952886e+01 -1.079307787286912124e+01
-1.880874897215793240e+01 -1.892007042757317592e+01 -1.922272969549950261e+01 -1.901186588316997828e+01
-9.894235773124185229e+00 -9.411358524762675870e+00 -9.634691724760960696e+00 -1.000881654936698517e+01
-4.863450172250352921e+00 -4.870124104578707147e+00 -5.800613051871348347e+00 -4.863066654437846026e+00
